0.1817785495523219
-27.212276639537123
1.9278347583776905
0.3279883523184618
0.5901236068634954
0.1977812796497272
0.006402974582786418
-0.10291603256363381
0.09315973226518467
-0.10296304209702216
-0.11855935761733086
-0.34588234971305
-0.1578493811792152
-0.16409270122694755
0.21256356721124836
-0.054489692817861424
0.03698604172674414
-0.1766478688608589
0.05223397742324962
-0.16279917094011573
0.04658965585424002
-0.0686008971051783
0.0460604758819784
-0.10128780103753778
0.10642721559598536
-0.06430023470065944
0.1102177014871209
-0.07514391531811002
0.14400233196614542
0.014821181125517311
0.141094938428605
0.13453402345922527
0.24845932451079192
0.25747818638957154
5.027217789091657e-05
