-7.476500319869707e-18
1.465587004638201e-16
7.184456377756322e-18
1.5519548347262677e-17
-2.738302226244643e-16
3.277908222351322e-17
5.113312312606257e-17
-1.50424555409273e-17
2.0711440651500646e-17
2.880798621783931e-17
-3.651163182601943e-17
-6.371995392849893e-17
3.867258159589145e-17
-4.885991622528811e-17
5.0992801712434514e-17
1.464955558276875e-17
8.138641990427082e-18
-1.1225713090244253e-19
2.7643318484726472e-17
-1.3602056230035332e-16
-3.284924293032724e-17
1.5098584106378518e-17
-2.1399015578278105e-18
-2.0823697782403088e-17
-1.0782999030247744e-16
-7.975869150618542e-17
-1.2440194925195052e-16
-1.1057151992123553e-16
5.651094130335771e-17
4.84371979667336e-18
5.574408477788039e-16
3.220095799936564e-16
6.961345330087717e-17
-7.473448329123297e-16
2.0186638564531726e-16
